Frame	Banking	  Az   nFOV  IAS      
1	-22.5	54    0      238
11	-23.1	54    nan    238 
21	-23.8	54    nan    238
31	-24.6	53    0.43   238
41	-25	53    nan    238
51	-25.7	53    nan    238
61	-26.2	52    nan    238
71	-26.6	51    1      238
81	-26.7	51    nan    238
91	-26.6	50    nan    238
101	-27	50    1.5    238
111	-26.8	50    nan    239
121	-26.7	49    nan    239
131	-26.8	49    2      239      
141	-26.8	48    nan    239
151	-26.8	47    nan    239
161	-26.8	47    nan    239
171	-26.8	47    2.5    239   
181	-26.8	46    nan    239
191	-27	46    nan    239
201	-26.8	46    nan    239
211	-26.7	45    3      239      
221	-26.8	44    nan    239
231	-26.8	44    nan    240
241	-27.1	43    nan    240
251	-27.6	42    3.5    240   
261	-28.4	42    nan    240
271	-29.1	41    nan    240
281	-29.8	41    nan    240
291	-30.4	40    4      240      
301	-30.8	40    nan    240    
311	-30.9	39    nan    241
321	-31	39    nan    241
331	-31.3	38    4.5    241    
341	-31.7	37    nan    241
351	-31.6	37    nan    241
361	-31.8	36    nan    241
371	-32	36    5      241      
381	-31.9	35    nan    241
391	-31.8	35    nan    241
401	-31.8	34    nan    241    
411	-31.8	34    nan    241
421	-31.7	33    nan    241
431	-31.7	33    5.5    241    
441	-31.7	32    nan    241
451	-31.7	32    nan    241
461	-31.8	31    nan    241
471	-31.6	31    nan    242
481	-31.6	30    6      242      
491	-31.8	29    nan    242
501	-31.8	29    nan    242    
511	-31.7	28    nan    242
521	-31.8	27    nan    242
531	-31.7	27    6.5    242    
541	-31.6	26    nan    242
551	-32.6	25    nan    242
561	-33.3	25    nan    242
571	-34.5	24    nan    242
581	-35.8	23    nan    242
591	-36	23    nan    242
601	-36	22    7      242      
611	-35.5	21    nan    242
621	-35.2	21    nan    242
631	-35.2	20    nan    242
641	-35.3	19    nan    242
651	-35.3	19    nan    242
661	-35.5   18    nan    242
671	-35.3	17    7.5    242    
681	-35.3	17    nan    242
691	-35.7	16    nan    242
701	-35.5	15    nan    242
711	-35.4	15    nan    242
721	-35.5	14    nan    242
731	-35.6	13    nan    242
741	-35.8	13    8      242    
751	-36.1	12    nan    242
761	-36.6	11    nan    242
771	-36.7	11    nan    242
781	-37.7	10    nan    242
791	-38	9    nan    242
801	-38.8	8    nan    242
811	-39.4	8    nan    242
821	-39.6	7    nan    242
831	-39.5	6    nan    242
841	-39.3	5    nan    242
851	-39.3	4    8.5    242
861	-39.2	3    nan    242
871	-39	2    nan    242
881	-38.8	2    nan    241
891	-38.6	1    nan    241
901	-36.6	0    nan    241    
911	-34.7	0    8.75    241    
921	-32.5	-1    nan    241
931	-31.1	-1    nan    241
941	-30.7	-2    nan    241
951	-30.6	-2    nan    241
961	-31.1	-3    nan    241
971	-31.4	-3    nan    241
981	-31	-4    nan    241
991	-31.2	-4    nan    241
1001	-31	-5    nan    241
1011	-30.6	-5    nan    241
1021	-30.9	-6    nan    241
1031	-30.7	-6    9      241    

